A 1500 835 777 454 89 0
A 630 371 698 430 93 0
A 1157 578 1280 538 138 1
A 1555 145 1044 505 103 5
A 1064 1022 566 936 91 3
A 1251 742 849 970 177 2
A 979 532 749 267 31 0
A 1131 384 976 86 186 1
A 412 291 545 424 145 4
A 143 102 1282 636 145 2
A 1224 286 1352 642 131 5
A 89 1061 1454 753 70 2
A 493 87 1412 303 162 5
A 84 866 1848 859 93 0
A 244 616 512 275 128 1
A 902 764 1115 996 189 3
A 1848 22 1446 523 177 1
A 1019 573 18 47 92 2
A 210 946 1408 604 32 4
A 234 893 1123 189 154 3
A 48 899 1648 769 57 2
A 898 652 1108 139 45 1
A 1379 666 644 69 110 5
A 1288 1070 745 878 53 5
A 1092 2 528 344 164 0
A 414 1068 1186 428 66 3
A 1915 1001 635 285 84 0
A 882 211 1144 745 126 3
A 1903 1075 454 489 62 2
A 1897 213 847 557 134 0
A 672 278 580 553 164 2
A 618 507 39 624 56 5
A 930 776 623 186 160 3
A 308 75 1845 1060 200 1
A 1016 266 916 75 185 0
A 838 491 1811 85 187 3
A 575 949 90 440 85 5
A 1890 28 114 118 155 1
A 1517 516 549 410 35 1
A 1698 828 1325 288 75 2
A 1709 259 378 1076 128 0
A 364 1024 1218 931 70 0
A 433 239 1472 785 56 0
A 1306 438 932 224 107 4
A 1608 126 694 1021 139 1
A 1479 761 693 666 100 5
A 180 589 149 887 53 0
A 1365 359 272 215 54 5
A 532 1058 1228 34 48 1
A 809 944 1844 943 31 1
A 753 90 1600 968 128 2
A 851 896 148 1002 94 1
A 1751 917 1585 940 156 2
A 1415 769 1553 506 145 3
A 812 514 1815 528 143 2
A 895 117 649 845 140 1
A 623 725 1466 887 45 1
A 1363 151 261 109 39 4
A 638 979 31 732 174 3
A 775 477 1121 502 147 2
A 753 637 810 180 181 5
A 392 188 867 16 67 4
A 974 811 485 966 27 4
A 1619 776 849 10 159 0
A 918 936 1166 333 173 3
A 93 354 1262 637 174 4
A 558 744 626 45 66 0
A 702 92 1437 536 157 1
A 607 299 134 461 25 5
A 1446 968 914 356 150 0
A 65 610 302 770 137 2
A 545 421 468 413 133 5
A 1040 372 1841 625 166 5
A 1761 150 891 692 36 2
A 865 960 1699 627 86 2
A 542 551 905 762 171 5
A 1857 173 25 495 75 0
A 397 956 1766 336 165 0
A 439 521 896 695 170 0
A 249 788 651 289 156 0
A 1044 690 626 352 48 0
A 1844 100 679 621 95 3
A 1812 553 164 610 149 0
A 1125 218 266 638 62 4
A 1206 875 356 2 26 2
A 454 252 374 855 77 0
A 1482 909 202 1076 31 3
A 1760 252 1580 410 80 1
A 381 294 813 922 157 5
A 170 362 1798 599 125 5
A 141 322 49 226 68 5
A 237 243 1086 651 146 2
A 1429 931 1621 587 69 5
A 558 471 305 657 27 4
A 162 963 365 677 198 1
A 1378 967 1602 206 151 5
A 953 1047 1153 447 27 2
A 713 155 1351 1019 86 4
A 869 175 566 878 101 3
A 1410 136 1891 865 147 4
A 1509 269 481 96 152 2
A 1017 1011 1852 802 39 1
A 1601 275 516 394 139 5
A 1910 278 1571 478 193 2
A 45 715 1677 535 73 4
A 877 369 1070 574 114 5
A 547 203 1183 530 71 0
A 71 917 696 173 189 1
A 1394 588 469 654 124 2
A 892 303 1439 93 118 2
A 1828 251 1906 349 149 0
A 467 5 417 162 199 4
A 1488 569 279 721 136 3
A 396 353 863 310 140 1
A 753 402 750 643 187 4
A 1428 903 1426 91 194 1
A 766 908 1525 136 139 4
A 102 449 321 658 123 5
A 191 1077 1894 482 144 3
A 1295 490 842 171 133 2
A 344 623 846 455 90 1
A 80 485 1567 70 74 2
A 1906 713 485 891 188 0
A 1457 366 1466 189 135 5
A 244 647 360 654 147 1
A 1563 211 1489 482 75 5
A 521 787 1526 123 41 3
A 1638 136 1610 718 116 3
A 1829 785 993 177 108 0
A 569 517 644 957 73 0
A 1703 499 1717 995 140 5
A 1758 988 1530 51 109 4
A 325 426 331 793 184 0
A 539 523 1180 291 82 0
A 1164 464 1043 625 172 0
A 1027 843 1521 443 114 2
A 638 903 264 816 63 2
A 279 613 1604 228 131 5
A 635 877 541 799 43 2
A 538 179 1750 78 143 4
A 1235 78 999 158 172 1
A 849 75 132 967 50 0
A 655 1035 412 564 169 2
A 1405 822 712 435 179 4
A 671 555 899 267 117 2
A 199 1006 756 776 87 2
A 1677 148 1087 740 50 3
A 1621 137 1166 340 33 0
A 806 1027 136 736 42 0
A 488 420 873 210 34 4
A 712 24 1360 583 172 2
A 1511 189 1332 557 28 0
A 651 715 1631 232 189 0
A 774 57 338 17 187 5
A 591 199 1852 406 194 4
A 678 568 267 780 60 2
A 407 952 797 220 91 3
A 1421 70 1588 639 198 1
A 558 301 1241 326 114 4
A 1623 721 31 542 121 3
A 1857 274 1755 208 72 1
A 1628 321 547 941 183 3
A 3 117 1544 91 72 2
A 1186 1005 303 538 199 2
A 1852 220 1479 958 109 5
A 723 619 149 442 65 0
A 1403 512 738 329 74 3
A 1270 282 1823 959 38 5
A 127 416 703 1056 129 2
A 1514 938 1379 720 178 0
A 888 445 1637 651 79 4
A 1660 635 1521 933 46 1
A 203 8 1829 484 124 3
A 536 535 395 740 33 0
A 1017 569 1615 620 145 3
A 1739 939 282 26 115 1
A 380 97 447 171 127 1
A 58 156 866 880 131 1
A 1917 1027 681 913 171 5
A 1375 22 856 71 197 1
A 1861 351 1106 175 139 0
A 13 640 872 872 185 5
A 1272 1025 406 221 85 5
A 100 964 1914 1034 139 3
A 1633 307 1615 851 129 2
A 779 539 1586 977 57 1
A 1002 835 1215 618 112 3
A 429 164 1247 576 142 3
A 401 629 1024 1030 141 5
A 1468 365 139 932 174 0
A 516 215 1254 893 71 0
A 974 370 1671 393 145 0
A 1824 1020 272 677 196 1
A 491 24 1141 1067 112 5
A 466 1002 1047 330 124 0
A 737 39 1236 415 89 1
A 869 891 1763 1066 64 5
A 370 534 1150 288 63 4
A 1207 511 1333 26 174 4
A 207 532 1788 429 174 4
A 1276 212 1373 409 53 5
A 157 617 856 1035 26 4
A 492 19 1613 481 138 0
A 1427 596 1598 171 110 4
A 160 356 1467 265 199 5
A 494 430 1619 44 54 2
A 947 177 1250 708 109 4
A 891 1002 929 692 72 5
A 1171 678 1095 5 153 3
A 1021 443 761 950 87 3
A 1068 833 1825 85 85 1
A 49 93 1248 469 28 3
A 1783 728 596 282 58 5
A 1661 710 1251 232 51 0
A 430 633 1553 305 38 2
A 493 783 688 956 76 1
A 1386 430 1353 111 111 1
A 1676 865 1514 557 190 0
A 814 517 791 496 93 1
A 1241 962 563 841 132 5
A 357 90 379 925 76 0
A 762 210 787 680 124 0
A 299 129 1746 357 59 5
A 55 719 784 104 187 5
A 712 470 1201 437 181 3
A 1153 696 1528 130 192 1
A 974 681 1765 666 108 0
A 512 1042 763 147 93 0
A 1124 595 536 748 32 4
A 747 307 91 294 133 2
A 1912 992 890 504 132 1
A 1555 383 100 517 198 1
A 1659 358 1314 873 109 4
A 1550 373 47 881 46 3
A 802 874 1830 395 122 2
A 153 132 465 377 81 4
A 569 281 1459 929 187 5
A 1599 702 9 355 85 4
A 1413 153 1041 1005 119 4
A 1635 350 574 554 57 1
A 763 907 1475 741 69 2
A 39 99 1795 818 114 1
A 1297 737 1470 436 101 2
A 589 491 66 1007 197 4
A 227 475 1586 775 184 3
A 215 28 221 1015 133 0
A 408 283 623 961 163 5
A 1128 776 1431 179 77 4
A 1778 774 958 564 173 2
A 1572 131 1372 866 180 3
A 1788 468 1419 523 38 0
A 860 636 312 291 124 1
A 1225 428 102 77 34 1
A 1847 919 473 571 148 5
A 1592 110 428 607 25 5
A 1709 18 1475 753 155 0
A 952 687 1817 578 151 3
A 1473 614 995 433 64 0
A 1437 333 1503 357 33 5
A 1254 603 1888 143 167 2
A 1810 936 28 13 101 1
A 1740 290 848 873 158 5
A 1221 221 933 394 167 3
A 127 1004 718 441 136 1
A 22 386 58 70 101 3
A 283 51 588 62 74 2
A 300 515 232 822 163 4
A 657 490 903 336 159 5
A 1452 214 1506 191 49 2
A 795 655 1263 559 138 2
A 1621 475 1448 1019 40 5
A 1633 414 376 594 116 4
A 836 507 711 928 114 2
A 1854 219 254 1067 65 5
A 1349 309 1496 218 52 0
A 1072 744 223 29 148 0
A 1861 521 1217 195 130 5
A 636 784 1605 1043 161 5
A 1621 370 254 204 166 4
A 972 646 340 71 31 0
A 1188 463 1261 179 58 4
A 1021 0 884 459 179 5
A 49 895 1012 262 98 0
A 799 767 162 525 114 1
A 1784 427 1202 444 144 0
A 752 286 919 994 107 1
A 1046 544 926 951 65 2
A 1095 409 1879 863 117 0
A 210 25 1787 101 174 5
A 981 755 336 10 143 1
A 1336 814 347 57 130 4
A 813 115 865 478 45 4
A 640 722 1283 767 116 4
A 128 219 1358 356 90 0
A 718 938 466 626 117 3
A 1134 843 717 547 173 1
A 1806 928 73 511 38 2
A 1630 659 1430 292 174 1
A 308 235 959 119 120 0
A 206 354 668 248 118 3
A 698 412 583 452 86 2
A 1137 90 642 231 195 4
A 1052 847 992 27 155 5
A 1660 332 1187 247 153 3
A 1862 229 261 503 142 0
A 1751 554 638 14 113 5
A 1728 756 176 700 125 3
A 334 196 78 131 94 1
A 787 881 1134 514 171 3
A 163 219 1709 771 96 4
A 219 189 460 985 85 2
A 1874 29 1275 18 77 0
A 500 1060 507 183 63 4
A 1703 139 351 830 84 0
A 1026 934 322 874 26 1
A 230 333 165 440 197 0
A 974 717 118 908 122 0
A 416 246 573 565 56 5
A 1588 302 501 867 43 3
A 1569 871 961 186 30 2
A 414 882 1464 976 62 5
A 641 392 1804 565 93 0
A 444 351 352 55 76 4
A 489 979 317 621 48 2
A 1164 9 691 483 191 1
A 509 761 680 544 48 3
A 1190 403 1017 528 146 3
A 504 139 1362 663 38 0
A 93 426 638 835 34 0
A 634 733 355 567 34 5
A 177 985 1120 698 90 0
A 380 384 113 48 25 3
A 591 218 907 548 55 3
A 1010 957 1885 1052 123 5
A 1039 688 787 239 123 1
A 529 471 1409 326 133 0
A 1738 635 331 201 75 1
A 998 80 1176 758 106 5
A 1279 106 1251 218 198 1
A 260 7 365 878 32 0
A 1871 552 955 316 77 5
A 366 404 1720 776 118 0
A 187 153 961 878 178 5
A 181 391 1734 931 46 5
A 1565 232 1291 206 84 4
A 1182 252 1805 173 113 4
A 145 806 892 233 66 0
A 1744 716 817 275 161 3
A 1654 48 1446 587 200 5
A 554 263 1275 235 81 2
A 1247 734 735 682 112 4
A 1560 626 1855 94 186 1
A 480 610 200 656 56 4
A 669 759 501 125 106 3
A 39 621 751 654 196 5
A 1826 330 1564 419 62 0
A 975 275 433 61 183 5
A 1248 347 893 184 197 1
A 391 176 362 404 150 0
A 218 867 1048 942 92 3
A 180 711 1831 691 56 3
A 1761 242 961 6 172 1
A 823 1061 521 402 139 4
A 1610 950 1870 1019 128 0
A 406 179 303 176 177 2
A 1045 353 1831 90 79 1
A 163 712 439 595 139 2
A 568 467 486 611 93 4
A 1043 993 618 1006 110 1
A 1596 234 1899 1078 53 4
A 1665 909 1841 100 195 5
A 764 592 497 1079 191 0
A 279 700 685 10 28 0
A 1312 1079 963 356 42 4
A 1067 209 1110 292 125 3
A 1449 851 1394 606 40 0
A 1024 19 420 275 121 1
A 1480 106 329 737 161 5
A 1772 873 608 418 131 2
A 1406 915 913 574 60 2
A 125 989 1025 180 49 3
A 1060 785 1356 593 66 1
A 1176 583 1453 676 61 0
A 540 26 177 744 45 4
A 618 481 830 368 174 3
A 14 7 1478 806 73 1
A 1867 196 920 521 53 4
A 1332 578 332 402 64 1
A 1212 815 641 857 42 4
A 1236 45 1387 706 153 5
A 1915 627 459 790 161 3
A 322 182 1424 274 155 2
A 923 688 200 322 59 2
A 1291 386 1891 1014 160 3
A 1906 487 75 116 27 5
A 819 61 975 348 99 4
A 1910 779 426 557 188 1
A 1075 371 702 368 38 5
A 1160 477 1100 428 175 1
A 1323 109 1 826 54 1
A 831 167 1302 427 27 5
A 1826 496 1159 957 51 4
A 1779 776 29 610 191 5
A 71 514 701 495 91 1
A 786 300 181 292 150 3
A 1014 665 1504 666 192 4
A 258 178 923 591 61 1
A 261 424 1470 661 184 0
A 1847 6 1389 641 137 3
A 634 243 622 696 85 0
A 634 367 19 367 119 5
A 525 829 1837 292 176 1
A 383 667 1867 129 87 5
A 1518 256 97 938 159 2
A 1754 247 933 702 186 4
A 667 795 486 961 84 5
A 998 876 1895 642 63 0
A 1029 1066 420 420 171 0
A 1858 361 508 645 151 4
A 721 63 26 50 109 0
A 263 217 1175 285 198 1
A 6 422 1689 675 114 2
A 41 180 1236 517 55 5
A 1029 766 1409 439 143 4
A 1640 615 1462 136 162 4
A 795 585 1246 618 28 5
A 1507 739 280 940 189 3
A 897 776 605 580 72 0
A 1606 275 1411 718 109 5
A 579 632 28 1035 144 3
A 1420 260 806 772 170 5
A 941 3 143 133 129 1
A 653 920 1067 519 167 1
A 712 0 1042 456 51 1
A 678 801 608 727 115 0
A 1881 948 1367 826 185 3
A 808 289 1453 91 133 3
A 1622 459 1166 584 194 1
A 503 559 368 82 74 0
A 766 168 1325 235 136 0
A 927 878 650 721 50 0
A 1784 446 1509 477 76 2
A 641 184 794 449 121 0
A 1194 535 499 289 86 5
A 671 1038 1736 574 147 5
A 1818 477 1594 473 63 4
A 1815 168 1558 914 42 2
A 1423 376 354 14 78 4
A 1155 483 1786 516 157 5
A 1842 190 803 690 121 2
A 369 870 1326 1018 118 2
A 1342 868 1826 636 46 3
A 1491 514 1486 864 183 3
A 1820 74 270 413 147 3
A 907 340 1433 83 157 5
A 1647 395 552 948 45 2
A 769 109 576 774 73 3
A 1372 833 1645 413 38 1
A 1548 67 1701 952 92 1
A 1786 607 298 844 185 3
A 847 1075 14 333 194 3
A 403 913 1823 507 173 3
A 437 116 828 369 186 1
A 954 930 1183 455 166 0
A 112 595 147 439 123 2
A 767 1058 107 535 89 3
A 1025 692 1318 280 59 3
A 1674 352 397 806 125 0
A 294 943 866 725 60 0
A 1245 643 781 824 190 1
A 1755 101 1819 314 66 4
A 557 452 1495 873 191 5
A 489 541 1704 427 53 1
A 1358 491 1886 1007 83 2
A 925 1026 1902 868 27 4
A 1550 257 393 921 26 5
A 1119 627 1155 766 199 4
A 410 280 1648 118 65 5
A 162 792 1450 703 92 0
A 1634 119 1117 88 154 0
A 513 605 201 720 149 2
A 844 273 1022 921 83 2
A 1386 843 1270 172 28 4
A 1191 1010 1579 342 129 4
A 1730 34 1305 337 110 5
A 532 235 1799 413 42 1
A 1471 231 254 749 191 5
A 107 745 1487 104 168 2
A 270 122 1150 489 128 5
A 1870 493 1181 397 56 4
A 370 186 840 1049 137 5
A 246 157 424 535 151 3
A 244 158 901 196 27 2
A 752 967 686 37 117 2
A 632 247 26 636 172 1
A 58 127 975 269 134 0
A 504 326 959 146 36 1
A 1220 14 555 606 39 3
A 1686 466 877 730 151 3
A 1006 928 853 531 78 3
A 801 473 73 626 33 5
A 120 597 1625 152 61 4
A 23 1060 1182 1037 125 2
A 1182 97 160 313 149 0
A 1719 692 1032 86 149 3
A 1011 815 1280 707 57 3
A 126 624 1362 985 133 5
A 1172 209 1687 526 29 4
A 1759 326 1880 367 200 5
A 1140 985 1854 6 182 5
A 301 349 1418 469 25 5
A 1147 731 1808 617 43 4
A 35 950 603 989 94 3
A 1431 973 1417 1029 117 0
A 776 587 1399 435 170 1
A 434 1078 306 941 60 5
A 1893 793 1833 465 66 1
A 1758 893 1182 514 95 2
A 1740 909 698 178 27 1
A 924 179 1910 808 92 0
A 1287 377 1575 69 30 4
A 1620 258 426 274 82 2
A 1891 37 526 38 183 5
A 346 81 1071 702 171 1
A 272 268 1160 576 34 4
A 81 189 1001 670 155 4
A 49 892 1918 522 143 2
A 855 933 1141 693 184 5
A 703 63 506 640 139 3
A 35 881 55 821 85 5
A 1716 454 1642 418 85 2
A 1333 10 733 922 153 1
A 1156 147 820 995 168 3
A 1156 767 48 274 97 3
A 382 228 1618 818 99 1
A 1452 519 1025 913 71 3
A 1010 767 970 809 143 1
A 1276 903 1442 444 136 2
A 98 514 704 370 58 4
A 1538 894 1818 472 105 5
A 1540 938 486 180 164 2
A 717 800 1455 625 120 3
A 936 932 1071 62 132 4
A 1050 296 192 442 102 5
A 1208 1075 1787 982 80 0
A 1050 921 1449 859 121 1
A 243 457 890 324 192 5
A 430 343 963 24 159 2
A 442 409 407 114 31 0
A 131 541 839 321 84 1
A 1860 410 1796 131 58 2
A 1160 681 332 677 186 3
A 601 878 1681 1010 107 2
A 497 87 731 1003 66 4
A 196 352 74 573 112 1
A 1231 444 33 732 142 5
A 103 722 1451 247 72 4
A 1432 398 508 61 153 3
A 1288 142 123 1061 72 3
A 1800 464 315 597 158 4
A 1102 928 571 656 48 4
A 1337 176 981 256 46 5
A 1195 828 482 671 30 1
A 1362 510 1627 9 164 3
A 1709 588 1762 409 163 3
A 703 191 925 208 47 1
A 1011 359 653 44 85 2
A 66 413 591 88 93 4
A 1454 392 903 938 55 0
A 1712 576 1599 852 171 1
A 1139 101 388 89 118 1
A 1162 650 472 944 189 4
A 1325 16 680 671 55 3
A 1443 456 688 339 169 4
A 912 601 800 760 98 3
A 109 443 1702 80 57 3
A 629 557 1111 214 81 1
A 206 687 789 36 155 2
A 249 57 339 282 115 2
A 583 970 1710 811 64 3
A 936 532 98 558 147 5
A 1873 25 809 58 87 2
A 1426 641 1311 154 167 0
A 948 412 1248 541 71 0
A 1844 822 1487 911 53 0
A 1685 36 219 844 164 1
A 307 1017 1536 286 104 4
A 322 231 1426 253 169 3
A 1084 713 1199 996 176 5
A 1261 725 1599 799 195 5
A 589 126 405 1038 195 4
A 1871 600 1022 114 110 4
A 386 870 457 687 156 4
A 1803 246 1388 648 69 2
A 280 506 1530 666 198 5
A 1302 21 1642 160 117 5
A 609 168 1655 1012 31 1
A 23 803 1859 1047 194 3
A 562 245 926 676 89 5
A 627 376 157 41 46 1
A 54 102 325 109 109 1
A 1852 216 1567 405 198 2
A 924 533 1053 736 138 0
A 268 1045 1189 1027 146 1
A 1007 750 1388 1068 117 0
A 617 1021 619 978 135 0
A 1130 101 1220 257 134 2
A 851 310 417 892 106 1
A 360 822 125 964 165 3
A 884 853 85 987 155 1
A 445 787 809 44 124 4
A 423 1010 424 76 141 2
A 1434 287 958 489 31 3
A 527 238 949 442 188 0
A 833 404 1131 483 62 2
A 591 106 457 43 126 4
A 615 13 1429 910 71 2
A 434 569 387 772 141 5
A 262 696 509 579 69 2
A 1578 749 870 647 78 1
A 1711 926 1609 204 32 1
A 696 547 750 458 137 0
A 1694 1033 1472 428 173 1
A 780 1001 1048 462 191 4
A 847 775 1108 954 150 3
A 84 387 1080 268 174 4
A 291 909 94 34 93 4
A 667 733 688 576 156 2
A 887 946 381 1048 67 0
A 149 242 938 437 77 1
A 1064 1035 937 562 174 1
A 176 1047 351 392 129 3
A 990 111 48 333 161 5
A 523 67 1564 361 141 1
A 1890 1018 161 455 123 4
A 341 1076 21 755 131 3
A 1458 511 1463 903 112 3
A 40 333 156 521 82 4
A 995 640 395 30 107 2
A 668 197 1310 258 47 2
A 673 114 1482 729 37 3
A 1470 1045 1479 138 79 1
A 422 381 48 432 189 5
A 967 786 1531 283 106 1
A 1501 888 407 307 32 2
A 1538 497 1705 242 178 0
A 375 652 187 504 186 5
A 721 747 1619 344 51 4
A 1091 648 1161 486 107 0
A 1541 2 1902 7 172 4
A 510 974 561 453 183 2
A 1060 52 627 14 144 4
A 1004 878 1197 611 188 3
A 856 723 15 76 141 4
A 281 1017 443 475 94 5
A 1876 16 1518 103 96 2
A 218 936 467 21 120 5
A 1411 73 1309 42 164 2
A 778 924 633 549 78 3
A 1905 633 1249 134 195 4
A 610 59 373 569 132 1
A 1180 736 1109 568 131 4
A 1881 478 737 849 77 2
A 1234 655 220 420 43 0
A 826 980 1811 2 99 3
A 395 522 630 456 174 3
A 1282 773 1047 1011 120 3
A 49 63 211 289 134 3
A 1166 264 1684 909 43 3
A 1714 922 1872 814 40 2
A 1435 35 33 1009 150 5
A 938 925 1045 342 101 4
A 986 784 1567 149 116 2
A 59 766 15 566 167 4
A 113 170 873 402 116 5
A 413 743 20 700 111 1
A 738 22 1595 905 153 3
A 1232 684 911 412 65 0
A 1085 220 723 989 107 2
A 944 554 348 264 92 2
A 1154 919 1508 876 161 5
A 834 314 1677 243 158 3
A 1034 1048 619 6 100 1
A 1190 316 1054 713 168 0
A 1392 689 403 113 194 2
A 1423 30 1750 601 36 5
A 1356 973 1394 655 96 2
A 1229 472 1330 309 151 1
A 1059 770 273 525 75 4
A 1733 631 209 1003 86 0
A 1026 39 951 981 166 5
A 1631 1028 916 351 56 0
A 1650 80 642 229 124 1
A 460 820 859 268 185 1
A 1074 107 1020 106 46 0
A 1133 282 621 788 172 3
A 770 787 332 998 138 4
A 1109 627 1450 1075 25 3
A 1018 891 559 452 194 3
A 571 596 117 1045 106 0
A 815 631 309 537 93 2
A 662 121 1688 81 91 0
A 528 959 823 987 152 3
A 307 1 674 77 146 1
A 881 526 1453 776 29 2
A 1270 175 1785 898 58 2
A 1323 152 810 244 58 3
A 32 235 1231 678 65 4
A 1200 499 1420 921 169 0
A 1189 406 710 1001 71 2
A 1043 565 1195 969 199 5
A 1209 869 1528 276 66 4
A 940 838 1317 402 62 1
A 1729 8 818 43 57 4
A 1319 188 407 160 173 5
A 297 735 1692 108 141 4
A 968 1065 663 647 124 5
A 539 455 932 171 100 4
A 1320 678 1729 304 42 0
A 1329 564 201 564 106 5
A 725 942 245 285 119 2
A 934 208 539 208 93 4
A 760 178 258 315 167 2
A 1482 612 153 679 174 1
A 214 1015 761 111 156 1
A 1824 28 808 516 104 1
A 203 1057 1627 849 72 4
A 1397 870 144 648 53 4
A 1793 870 1855 537 145 5
A 121 473 1858 726 61 3
A 221 219 1340 874 161 5
A 300 247 1343 288 80 5
A 249 787 761 844 193 0
A 732 50 780 524 133 1
A 902 514 1894 51 64 3
A 82 243 139 67 156 2
A 1367 523 507 11 37 3
A 1615 327 789 576 200 2
A 937 1053 1721 136 162 4
A 1083 106 766 12 54 3
A 1760 51 1124 1011 111 0
A 196 448 1728 358 56 3
A 1861 806 1398 853 169 3
A 1880 879 747 687 195 5
A 691 886 542 483 172 0
A 1376 1043 1529 845 55 1
A 1151 952 1311 950 36 5
A 424 198 1029 702 173 0
A 1853 239 291 545 55 0
A 990 575 1870 112 31 5
A 605 969 1168 639 91 5
A 876 842 967 63 107 3
A 1634 258 409 126 38 4
A 301 978 852 939 130 3
A 490 23 947 457 110 2
A 1674 810 458 857 44 1
A 1040 303 1690 381 53 4
A 830 679 1192 853 129 1
A 18 822 782 249 51 1
A 124 457 695 681 187 1
A 745 963 457 588 167 1
A 846 32 224 359 184 5
A 1712 59 904 114 50 5
A 1464 662 1005 988 165 4
A 560 994 1595 521 104 5
A 385 814 1196 915 43 1
A 651 850 1627 318 156 0
A 752 1053 77 435 30 4
A 539 712 1538 323 107 4
A 1379 122 34 1047 198 1
A 492 720 416 990 41 3
A 493 1009 1494 623 195 5
A 983 833 644 484 73 0
A 316 350 1152 743 54 5
A 1180 478 1585 177 29 0
A 1650 548 360 867 191 3
A 1402 781 1371 179 57 0
A 835 359 201 560 64 5
A 953 862 1024 1026 74 5
A 140 359 1181 463 142 1
A 1542 829 4 210 147 4
A 1732 158 159 130 84 5
A 1030 290 186 669 124 0
A 1187 223 293 191 108 2
A 1323 495 1762 1027 128 3
A 558 237 495 682 28 5
A 804 830 1325 1080 170 4
A 159 68 1572 227 143 1
A 211 214 105 741 89 2
A 1654 378 625 250 61 4
A 1239 342 1411 706 170 1
A 1762 216 1098 139 46 4
A 920 577 1759 130 131 4
A 1787 867 300 294 156 2
A 1857 1055 1021 579 106 5
A 1705 871 575 1072 106 5
A 554 638 881 739 93 0
A 467 302 870 147 149 1
A 1905 696 1256 754 167 5
A 674 110 1764 456 36 1
A 1491 62 276 244 144 5
A 1712 1072 1017 485 123 2
A 151 925 1854 538 55 3
A 986 191 941 954 172 0
A 1031 348 1407 327 84 0
A 1206 922 678 683 84 2
A 1459 943 1330 541 53 1
A 1405 512 1889 696 101 0
A 16 149 1803 66 36 4
A 711 692 945 754 129 5
A 1710 554 1038 35 76 1
A 511 396 1578 548 116 5
A 761 498 283 581 61 2
A 756 615 796 284 163 5
A 1491 460 558 736 84 0
A 429 685 1724 420 179 2
A 39 830 537 681 47 2
A 1418 116 1303 376 76 4
A 1386 261 2 171 138 3
A 1262 409 637 201 84 1
A 507 841 222 122 140 3
A 604 248 1095 266 163 4
A 1285 406 1636 1 119 4
A 1275 415 1532 91 38 2
A 520 365 383 120 183 3
A 1344 680 1914 806 30 5
A 597 232 1138 647 190 2
A 1776 244 969 995 54 1
A 1319 254 931 1042 32 5
A 306 892 576 535 53 2
A 962 140 774 478 118 3
A 1451 511 363 972 128 1
A 661 519 410 345 186 0
A 253 34 1737 887 112 0
A 267 340 1536 971 166 2
A 1257 999 775 384 107 4
A 805 104 997 244 149 3
A 1179 942 1633 728 25 3
A 264 651 1749 129 134 0
A 1419 835 1560 431 111 0
A 1489 1050 695 930 152 1
A 942 825 912 159 117 4
A 1459 315 1907 575 106 4
A 1472 346 913 250 108 1
A 853 7 1525 1046 88 0
A 1624 378 520 987 50 2
A 1209 647 745 320 151 0
A 274 340 1814 975 35 3
A 1171 385 698 711 187 2
A 60 811 313 567 148 1
A 1498 154 403 747 182 5
A 1616 182 136 680 147 5
A 241 965 1403 1045 48 4
A 1724 378 215 853 52 1
A 1130 497 304 541 174 2
A 1032 497 509 1027 54 5
A 232 1051 1021 64 167 3
A 1288 655 478 49 123 4
A 982 554 1509 670 127 1
A 463 898 326 699 100 5
A 1428 126 1702 119 95 2
A 1469 314 1697 332 200 2
A 541 884 870 335 81 3
A 1043 308 195 594 182 0
A 1582 673 1859 377 136 5
A 1486 59 1742 442 104 5
A 1681 995 1520 759 118 0
A 1222 1 1137 462 100 3
A 704 15 523 613 199 3
A 935 817 920 99 50 1
A 1152 155 1550 795 191 1
A 330 812 1807 93 148 0
A 1819 380 784 1048 128 2
A 1473 754 1019 1031 123 4
A 892 838 84 82 67 4
A 1515 921 413 949 128 1
A 118 394 0 281 102 4
A 288 811 1383 44 95 5
A 1530 455 1508 538 182 5
A 1512 310 670 585 82 5
A 1236 770 1388 230 193 3
A 891 410 1294 762 159 4
A 487 627 480 738 69 0
A 1186 770 1726 1028 55 5
A 1653 227 625 1075 183 3
A 472 751 1648 12 157 1
A 480 77 316 875 197 0
A 900 377 447 548 195 0
A 1825 144 160 370 82 5
A 270 433 585 624 65 1
A 125 758 1023 235 155 4
A 1166 364 1831 103 106 2
A 1532 901 1676 583 195 4
A 307 995 257 11 157 1
A 43 902 110 53 45 0
A 1055 928 1266 334 111 4
A 233 307 1817 726 42 1
A 1214 509 1192 24 144 2
A 1737 498 1424 470 32 5
A 1695 542 644 912 136 1
A 933 813 882 904 153 0
A 113 213 921 33 174 3
A 1598 384 448 719 172 2
A 1552 436 586 916 200 5
A 837 143 1087 649 37 5
A 400 717 1565 809 39 5
A 1834 677 100 632 183 5
A 1883 776 1414 159 118 0
A 961 682 969 231 31 0
A 113 745 1631 849 172 5
A 554 667 1677 420 195 1
A 1259 477 712 409 29 1
A 224 219 593 341 32 2
A 667 511 894 1029 157 2
A 1459 444 243 827 113 3
A 528 308 1022 237 71 4
A 849 77 1038 232 122 1
A 1393 392 1520 45 33 1
A 758 155 1189 603 80 4
A 1727 812 1002 566 57 4
A 291 805 1283 12 102 5
A 301 646 340 423 27 3
A 1070 697 593 357 110 2
A 67 419 942 282 42 0
A 400 660 1880 694 58 2
A 1130 561 156 884 64 4
A 1374 339 401 230 179 5
A 1 922 343 606 168 1
A 604 738 270 651 63 3
A 564 530 964 38 176 0
A 1247 249 1374 361 141 0
A 1167 150 1841 112 43 0
A 265 1006 174 1024 109 3
A 405 323 1638 645 55 1
A 648 969 220 532 59 2
A 1077 182 607 784 133 5
A 1856 469 658 776 181 5
A 1531 65 890 570 25 5
A 1548 898 251 823 160 3
A 1054 892 1622 329 143 5
A 854 526 1902 507 150 2
A 884 95 280 471 131 1
A 1405 1034 295 852 151 3
A 1396 484 1758 665 166 2
A 1673 607 89 721 84 4
A 872 356 1168 1044 128 4
A 1908 184 1026 984 70 1
A 1252 237 1183 124 116 3
A 165 499 126 1016 146 2
A 1815 365 498 369 40 1
A 444 35 344 156 170 1
A 981 946 712 147 93 0
A 262 130 949 452 47 0
A 1405 806 699 758 111 5
A 1352 995 1772 939 144 4
A 1266 597 241 604 37 5
A 23 863 1479 745 108 1
A 1233 623 1644 609 56 4
A 1232 962 200 756 69 5
A 30 461 1423 83 61 4
A 1617 667 352 25 78 3
A 1682 44 32 572 194 3
A 30 903 1160 583 38 1
A 491 1030 80 609 114 5
A 343 468 1260 3 161 0
A 561 805 1661 111 150 1
A 1478 907 100 131 177 4
A 604 1000 508 730 192 0
A 1918 735 584 285 58 0
A 1673 768 1545 841 170 5
A 1096 440 1621 268 138 1
A 1605 255 880 760 144 2
A 665 258 121 454 94 5
A 1360 887 1135 801 194 5
A 684 206 615 446 71 3
A 50 939 881 29 103 3
A 1870 644 1599 693 124 3
A 746 705 1308 833 153 5
A 741 367 1820 437 193 4
A 1908 176 1741 713 35 0
A 105 132 273 864 74 0
A 486 406 1017 630 118 3
A 1670 407 1714 715 84 5
A 518 797 625 131 165 4
A 576 683 1917 376 110 0
A 754 352 1346 685 48 5
A 1843 495 1812 782 167 0
A 895 766 1792 983 181 3
A 917 705 400 390 83 5
A 1717 1064 481 972 85 4
A 1869 936 1183 1044 89 0
A 1833 328 826 694 120 4
A 1906 17 1216 478 98 1
A 1017 1051 1095 997 42 2
A 69 1056 696 848 42 2
A 570 1026 837 737 93 2
A 308 866 258 1014 87 4
A 1052 857 1404 338 165 1
A 388 813 1219 166 80 3
A 269 621 1106 1015 137 3
T 427 652 24
T 1434 481 6
