A 1500 321 1300 321 15 0
A 1500 321 1300 321 15 0
A 1500 321 1300 321 15 0
A 1500 321 1300 321 15 0
A 1500 321 1300 321 15 0
A 1500 321 1300 321 15 0
A 1500 321 1300 321 15 0
A 1500 321 1300 321 15 0
A 1500 321 1300 321 15 0
A 1500 321 1300 321 15 0
A 1500 321 1300 321 15 0
A 1300 321 1500 321 15 0
A 1300 321 1500 321 15 0
A 1300 321 1500 321 15 0
A 1300 321 1500 321 15 0
A 1300 321 1500 321 15 0
A 1300 321 1500 321 15 0
A 1300 321 1500 321 15 0
A 1300 321 1500 321 15 0
A 1300 321 1500 321 15 0
A 1300 321 1500 321 15 0
T 1000 447 19