A 1286 574 606 1075 84 5
A 966 512 239 149 119 0
A 1069 275 376 148 97 1
A 461 6 1757 503 103 1
A 857 147 1392 795 37 1
A 834 374 1626 505 175 0
A 1151 743 543 778 134 4
A 1465 479 554 871 141 0
A 92 317 1838 580 83 3
A 652 339 329 447 200 4
A 158 153 1029 425 198 3
A 111 927 1056 871 72 5
A 993 899 1405 578 156 2
A 1066 520 2 885 62 2
A 1675 470 1696 491 181 0
A 1714 780 353 77 131 3
A 706 157 1193 129 191 1
A 1457 547 1911 287 106 4
A 518 705 1872 569 82 3
A 1237 362 215 956 189 4
A 1579 339 40 27 99 2
A 509 990 1226 1011 44 2
A 1178 810 1847 519 150 2
A 715 874 59 274 123 5
A 868 6 240 593 72 1
A 210 559 1697 209 40 0
A 1747 898 921 835 169 3
A 1472 354 1120 865 192 1
A 1477 751 607 243 144 1
A 1017 589 1023 306 89 3
A 1013 782 1002 84 176 1
A 1766 327 1313 534 48 1
A 911 1047 1835 61 199 3
A 33 695 1789 781 118 4
A 156 778 1102 958 28 3
A 583 343 535 784 129 2
A 576 595 723 452 161 2
A 615 827 965 814 49 2
A 1547 590 671 9 43 0
A 25 876 1297 640 126 3
A 1646 369 1522 830 114 2
A 1681 541 1109 179 86 4
A 1375 979 1611 592 135 0
A 524 589 198 859 87 1
A 1782 412 575 25 159 3
A 178 1048 1330 1079 152 2
A 702 1073 76 1023 49 4
A 1840 827 387 345 140 2
A 1724 892 501 92 111 4
A 1452 633 1900 403 39 0
A 1441 216 159 790 178 1
A 1750 542 654 351 59 4
A 83 1007 237 111 131 2
A 1148 973 347 467 195 0
A 1705 284 676 1056 68 0
A 664 908 1123 87 200 2
A 1618 409 238 162 161 3
A 1251 476 476 775 158 5
A 1347 431 1194 396 194 0
A 556 517 1862 983 101 2
A 456 739 1364 1027 198 2
A 1826 297 1030 484 155 2
A 1196 218 133 489 44 2
A 1459 699 881 198 51 5
A 1186 600 177 310 56 4
A 94 428 1757 562 37 2
A 971 939 734 977 55 1
A 1403 1042 529 741 131 5
A 940 280 1680 939 131 2
A 1885 310 1150 888 57 1
A 551 701 1493 298 170 0
A 1465 225 1382 349 52 5
A 83 1012 1903 379 123 5
A 1171 980 1563 613 126 0
A 1868 4 689 383 46 5
A 1686 473 213 898 121 4
A 1437 457 1251 874 138 5
A 376 1024 345 55 164 0
A 475 480 728 193 155 1
A 1347 885 847 1007 88 5
A 918 191 1018 62 121 5
A 985 888 981 906 44 2
A 1473 316 1640 1005 81 1
A 853 422 1815 520 140 4
A 1222 973 1700 566 148 4
A 653 50 1418 877 82 1
A 820 170 149 467 122 3
A 795 271 376 85 37 1
A 941 89 1565 894 69 1
A 724 982 5 35 185 4
A 1470 664 1155 1064 154 3
A 183 613 1526 502 120 4
A 1397 851 1109 48 67 2
A 1725 936 1412 864 51 5
A 1061 972 237 7 34 4
A 1365 552 1750 571 85 4
A 29 736 927 1073 94 4
A 1131 607 1161 470 168 4
A 566 858 806 519 71 4
A 433 484 7 5 44 4
A 1493 126 1261 992 200 3
A 805 163 1114 568 129 0
A 1069 989 1260 993 66 5
A 1625 230 1564 941 56 2
A 250 166 70 1001 166 3
A 106 32 820 996 111 0
A 1428 800 362 754 185 0
A 1353 1064 1483 137 76 2
A 549 958 67 805 168 3
A 1891 556 1440 840 197 2
A 1757 918 1245 222 87 3
A 1218 452 1248 843 51 2
A 126 422 1485 549 175 5
A 659 183 210 344 172 0
A 1854 402 844 606 116 4
A 161 371 1086 638 180 4
A 1006 185 1602 723 97 3
A 1431 59 1356 571 193 1
A 1169 617 1473 241 28 3
A 1288 794 1822 644 50 2
A 1169 345 1235 149 199 2
A 976 300 1730 608 87 0
A 1350 105 1372 133 90 2
A 634 836 1557 749 142 5
A 1741 52 1912 912 119 2
A 1891 264 1589 432 129 2
A 456 974 563 454 69 2
A 42 365 364 939 132 4
A 1361 604 886 471 126 1
A 182 66 1086 144 112 4
A 372 677 1064 781 162 3
A 1773 521 1121 181 41 5
A 1879 735 1586 599 107 2
A 318 1029 1329 122 123 4
A 617 654 198 354 159 2
A 690 183 325 723 38 2
A 1201 1025 1082 927 146 1
A 1255 696 158 284 78 0
A 1766 415 1313 900 162 4
A 627 722 1535 118 34 2
A 66 597 18 761 132 3
A 931 694 1669 794 114 5
A 456 460 592 496 74 5
A 891 69 504 162 61 0
A 147 661 1557 670 144 0
A 1264 488 312 958 174 1
A 1814 561 942 975 26 0
A 125 82 903 278 129 2
A 1530 47 1359 1070 193 4
A 1019 647 695 538 47 5
A 25 356 792 810 192 5
A 703 615 1859 138 114 2
A 1868 61 352 714 82 4
A 914 732 464 661 128 2
A 746 562 645 973 177 1
A 162 384 1663 889 62 5
A 3 223 485 712 108 1
A 365 491 108 581 28 0
A 144 280 1846 806 93 5
A 1580 409 404 766 113 3
A 1218 289 1770 811 161 2
A 752 168 1076 434 36 5
A 508 494 1333 621 189 5
A 1697 345 127 692 76 1
A 336 815 1498 862 170 3
A 1867 1056 590 455 165 1
A 809 858 1585 221 197 1
A 1047 223 682 818 191 3
A 160 1003 29 460 63 3
A 629 437 1319 677 73 0
A 181 371 795 489 147 0
A 1012 790 1526 867 191 4
A 644 73 628 66 26 5
A 675 856 1156 374 36 2
A 1725 875 1467 1080 143 3
A 839 165 1116 374 25 5
A 209 18 1184 130 79 1
A 1055 948 1437 348 180 4
A 142 123 1827 93 85 2
A 1788 116 76 329 50 3
A 120 928 1572 984 100 3
A 1565 620 207 145 55 0
A 405 751 183 962 160 1
A 1780 923 748 495 183 5
A 1413 421 37 583 58 3
A 1141 344 1329 445 192 1
A 1793 938 1907 536 60 1
A 344 931 1189 303 29 5
A 774 980 81 124 93 1
A 194 606 1575 731 35 5
A 482 569 1020 224 104 4
A 791 141 1751 728 174 0
A 758 70 821 961 30 4
A 1734 663 1901 863 33 1
A 816 683 765 1007 96 1
A 421 972 1006 978 62 4
A 1731 289 1180 662 200 2
A 44 942 423 1037 77 1
A 1268 851 640 573 92 4
A 1374 399 1525 934 152 0
A 794 662 247 1003 101 4
A 1212 53 656 177 189 4
A 1677 82 945 230 114 3
A 331 118 1315 402 126 0
A 1569 2 307 815 29 3
A 1316 954 1575 336 196 3
A 840 446 415 380 107 0
A 418 8 178 914 59 1
A 514 583 598 803 141 2
A 733 1013 1918 299 172 4
A 848 911 1019 21 64 5
A 618 77 1836 852 165 2
A 560 807 1620 3 33 0
A 1910 366 807 131 149 0
A 176 835 215 30 34 1
A 1221 1033 1298 122 69 1
A 17 570 1728 757 86 0
A 1603 508 1373 1063 67 0
A 1498 242 368 196 113 3
A 1682 700 708 788 120 2
A 841 969 523 501 75 3
A 1241 380 1132 506 76 4
A 277 87 111 32 99 1
A 1744 1077 1372 572 146 5
A 1140 369 988 942 122 1
A 606 1015 1784 557 107 4
A 469 710 1058 754 198 2
A 1668 512 1141 928 69 0
A 451 900 999 181 183 2
A 1030 278 234 15 164 3
A 770 323 438 462 199 2
A 801 813 516 143 73 2
A 1808 537 515 781 35 0
A 1132 693 151 462 90 0
A 848 111 1553 511 141 4
A 1789 601 1270 793 88 3
A 1028 638 814 733 186 3
A 88 265 639 645 57 5
A 1557 84 952 783 86 1
A 953 273 680 311 97 0
A 1910 97 1457 120 111 2
A 1684 1050 920 656 59 4
A 644 605 1043 433 60 3
A 1306 461 1696 34 27 2
A 320 962 874 573 51 4
A 971 97 46 50 91 0
A 1746 70 1724 215 81 4
A 973 264 462 783 183 1
A 203 952 140 1019 162 5
A 389 717 123 488 200 2
A 1711 559 1751 660 159 2
A 1741 220 1749 536 71 3
A 1161 454 1477 1026 68 4
A 1458 479 1823 208 159 2
A 1297 214 1065 157 76 2
A 159 121 898 885 120 3
A 350 537 242 114 67 5
A 704 402 1624 307 79 2
A 841 902 1340 13 68 0
A 1727 157 1286 682 108 1
A 1356 246 1894 512 181 5
A 1823 906 1212 63 51 0
A 1630 14 1490 562 157 2
A 123 595 398 848 162 2
A 1786 101 1155 750 146 1
A 994 308 330 702 195 5
A 447 761 874 51 76 2
A 1426 1026 1094 357 194 1
A 1535 741 1625 62 27 5
A 1722 486 1411 110 91 1
A 199 914 477 550 56 5
A 1081 107 1336 537 28 4
A 1515 690 635 300 118 5
A 1314 193 172 94 86 2
A 1824 936 745 492 54 5
A 704 327 952 382 131 3
A 454 424 180 1050 170 1
A 172 425 220 160 141 0
A 173 599 1381 454 137 5
A 558 284 466 348 123 5
A 1442 753 820 440 154 4
A 1396 899 815 559 112 1
A 552 478 600 245 61 1
A 452 66 1543 187 79 3
A 315 836 394 241 144 5
A 731 24 1691 290 92 2
A 1764 570 1579 954 122 4
A 1424 638 348 24 27 4
A 545 38 800 671 94 0
A 1101 1052 1650 1042 89 3
A 712 61 1400 297 161 3
A 588 646 366 171 65 1
A 1716 741 1258 165 184 3
A 564 525 585 296 69 5
A 345 1 1456 838 51 3
A 1428 346 1385 542 123 5
A 1200 310 775 421 175 1
A 555 870 1072 53 60 3
A 1442 206 83 23 47 4
A 1401 867 1293 92 58 5
A 326 204 567 1060 96 3
A 1606 1021 1504 648 111 2
A 1470 943 1614 972 67 0
A 50 186 1743 945 178 4
A 1568 371 754 343 117 2
A 1244 601 58 854 99 3
A 1842 86 1843 886 169 0
A 403 580 491 1022 32 5
A 1214 286 1178 368 95 2
A 1431 257 910 184 59 4
A 198 640 930 863 62 4
A 1571 250 207 50 98 4
A 1676 725 573 55 73 4
A 265 724 570 401 130 4
A 1687 670 1193 791 100 2
A 56 888 1266 2 76 1
A 841 180 543 755 162 3
A 1107 625 1880 669 55 1
A 678 962 995 111 178 0
A 64 218 1282 754 55 4
A 720 635 1615 566 76 1
A 1534 619 1543 871 192 1
A 370 647 1210 323 89 5
A 680 186 451 171 173 0
A 418 6 1535 553 66 5
A 509 248 1225 71 32 2
A 292 43 1422 483 146 5
A 37 601 1226 641 162 3
A 801 775 277 230 38 4
A 1198 666 1514 138 69 5
A 489 191 807 403 199 5
A 989 910 1731 370 41 5
A 1520 486 687 854 127 2
A 580 320 1767 639 127 4
A 1005 60 1587 782 59 4
A 884 695 1391 155 177 4
A 1563 649 1097 366 155 1
A 758 1006 626 31 193 4
A 511 930 434 629 180 2
A 1573 945 817 142 150 3
A 1060 706 1179 346 147 3
A 178 573 118 985 47 3
A 1312 930 1003 438 164 4
A 1442 886 1329 776 193 5
A 54 351 1463 692 135 0
A 1563 709 1419 93 146 1
A 445 49 718 778 78 2
A 1550 773 1320 99 145 4
A 352 226 1259 989 160 3
A 193 492 1386 773 93 0
A 807 391 1271 149 83 3
A 1378 934 1029 6 77 5
A 1619 265 440 190 162 2
A 964 847 1000 118 57 0
A 1392 31 1364 890 163 5
A 605 775 1672 14 127 0
A 869 129 724 454 64 5
A 1910 14 757 367 42 4
A 915 920 1403 433 108 5
A 1306 129 809 380 34 3
A 1798 836 1075 876 144 0
A 13 581 850 658 184 5
A 1625 339 23 217 152 1
A 1077 72 11 633 121 4
A 1907 785 1564 828 101 3
A 1753 40 1910 633 95 4
A 1045 555 1586 444 185 5
A 433 686 770 1077 113 4
A 1687 889 135 407 104 0
A 1713 626 1234 585 170 0
A 1651 46 596 753 126 3
A 1500 776 1272 682 187 3
A 1867 412 1141 679 85 1
A 47 454 191 458 142 3
A 1246 681 222 1019 161 1
A 745 465 1165 354 101 0
A 1862 831 395 644 129 3
A 382 47 1658 868 163 2
A 1875 62 1600 130 78 5
A 181 604 511 819 113 5
A 309 508 72 850 126 4
A 1662 250 1424 825 116 4
A 1860 26 1826 1030 73 2
A 523 409 125 1033 132 2
A 37 776 1413 902 53 2
A 260 335 1080 450 165 4
A 1268 78 1576 435 64 2
A 1738 707 1750 972 163 2
A 1337 348 996 319 61 4
A 1715 867 363 506 169 5
A 1191 146 202 1056 82 0
A 710 82 1682 168 194 3
A 1121 386 1622 395 35 1
A 1289 151 1425 811 193 0
A 884 61 329 631 100 1
A 1530 1033 421 585 26 3
A 1478 666 766 167 28 1
A 1112 861 1412 555 42 4
A 568 305 1790 77 38 2
A 255 390 116 1007 104 4
T 1321 371 15
